3.600000000000000000e+01 -6.246794095204677433e-03
9.600000000000000000e+01 2.296406425557506736e-03
9.600000000000000000e+01 -2.170359357478446327e-02
9.600000000000000000e+01 4.296406425964960363e-03
9.600000000000000000e+01 3.229640642530284822e-02
1.560000000000000000e+02 1.468333647253530216e-01
1.560000000000000000e+02 4.983336472560040420e-02
1.560000000000000000e+02 4.483336472549126484e-02
1.560000000000000000e+02 -3.361666352748216013e-01
1.560000000000000000e+02 8.288333647260515136e-01
2.159999999999999716e+02 -3.026358989354775986e-01
2.159999999999999716e+02 -9.556358989357249811e-01
2.159999999999999716e+02 3.823641010640130844e-01
2.159999999999999716e+02 -7.046358989355212543e-01
2.159999999999999716e+02 6.936410106391122099e-02
2.760000000000000000e+02 2.058886361401164322e-01
2.760000000000000000e+02 9.188863614053843776e-02
2.760000000000000000e+02 1.168886361401746399e-01
2.760000000000000000e+02 7.388863614050933393e-02
2.760000000000000000e+02 1.838886361401819158e-01
3.360000000000000000e+02 -3.593008884308801498e-03
3.360000000000000000e+02 -2.815930088845561841e-01
3.959999999999999432e+02 -1.810808123691458604e-01
4.560000000000000000e+02 -1.555747521715602488e-01
5.160000000000000000e+02 -3.030748056271477253e-01
5.760000000000000000e+02 4.794190504635480465e-01
6.360000000000000000e+02 9.068398594536120072e-04
6.960000000000000000e+02 9.538858689211338060e-02
7.560000000000000000e+02 -7.213568351289723068e-02
8.160000000000000000e+02 2.333405417630274314e-02
8.760000000000000000e+02 2.797826123241975438e-03
9.360000000000001137e+02 2.425565912380989175e-02
9.960000000000000000e+02 -1.829241936229664134e-02
1.056000000000000000e+03 5.115361879506963305e-02
1.116000000000000000e+03 3.593802410250646062e-03
1.176000000000000000e+03 6.028161004905996379e-03
1.236000000000000000e+03 2.045672481017390965e-02
1.296000000000000000e+03 2.879524785385001451e-03
1.356000000000000000e+03 7.296592633792897686e-03
1.416000000000000000e+03 1.170796081078151474e-02
1.476000000000000000e+03 -4.886337461357470602e-03
1.536000000000000000e+03 2.751373181217786623e-02
1.596000000000000000e+03 1.119082034210805432e-01
1.656000000000000000e+03 1.129711295197921572e-02
1.716000000000000000e+03 2.366804967978168861e-01
1.776000000000000000e+03 3.800583921756697237e-01
1.836000000000000000e+03 1.050430837125531980e+00
1.896000000000000000e+03 1.577797870533686364e+00
1.956000000000000000e+03 1.873159532120553195e+00
2.016000000000000227e+03 1.307515862474247115e+00
2.076000000000000000e+03 1.018669030372620909e-01
2.136000000000000000e+03 -2.857873038765319507e-01
2.196000000000000000e+03 4.025532849209412234e-01
2.256000000000000000e+03 8.858887135047552874e-01
2.316000000000000000e+03 -1.227809731590241427e-01
2.376000000000000000e+03 -9.294557292150784633e-01
2.436000000000000000e+03 -3.101355079052154906e-01
2.496000000000000000e+03 -5.182026156580832321e-02
2.556000000000000000e+03 -5.955099416223674780e-01
2.616000000000000000e+03 -3.762044985905959038e-01
2.675999999999999545e+03 -1.539038820637870231e-01
2.736000000000000000e+03 -6.576080407166955411e-01
2.796000000000000000e+03 -1.031692229844338726e-02
2.856000000000000000e+03 -9.903047363513906021e-02
2.916000000000000000e+03 -3.767486406195530435e-01
2.976000000000000000e+03 2.652863178263942245e-02
3.036000000000000000e+03 -1.751986004592254176e-01
3.096000000000000000e+03 -1.479302804455073783e-01
3.156000000000000000e+03 -1.366663503395102452e-01
3.216000000000000455e+03 -2.424067513757108827e-01
3.276000000000000000e+03 -1.315142384464706993e-02
3.336000000000000455e+03 -2.769003071125553106e-01
3.396000000000000000e+03 -3.565333960614225361e-02
3.455999999999999545e+03 -1.344104588233676623e-01
3.516000000000000000e+03 -9.717160132822755259e-02
3.575999999999999545e+03 -6.193670275661133928e-02
3.636000000000000000e+03 -6.570569781524682185e-02
3.696000000000000000e+03 -1.047852029205387225e-02
3.756000000000000000e+03 -1.725510304459021427e-02
3.816000000000000000e+03 -2.103537801394850248e-02
3.876000000000000000e+03 -3.781927623094816227e-02
3.936000000000000000e+03 -4.460672780442109797e-02
3.996000000000000000e+03 -7.039766194247931708e-02
4.056000000000000000e+03 -1.619200694494793424e-02
4.116000000000000000e+03 7.601030978548806161e-02
4.176000000000000000e+03 1.112093617430218728e-01
4.236000000000000000e+03 2.440522330743988277e-02
4.296000000000000000e+03 -3.540203025113441981e-02
4.356000000000000000e+03 5.578767720817268128e-02
4.416000000000000000e+03 4.974422706254699733e-03
4.476000000000000000e+03 -4.841715876864327583e-03
4.536000000000000000e+03 6.033934020160813816e-02
4.596000000000000000e+03 4.351767053867661161e-02
4.656000000000000000e+03 -4.306644429561856668e-03
4.716000000000000000e+03 6.886647658029687591e-02
4.776000000000000000e+03 6.603711567095160717e-02
4.836000000000000000e+03 1.620535577603732236e-02
4.896000000000000000e+03 9.937128064211719902e-02
4.956000000000000000e+03 1.005349748193111736e-01
5.016000000000000000e+03 1.206965236542600906e-01
5.076000000000000000e+03 8.385601328518532682e-02
5.136000000000000000e+03 9.701353062882844824e-02
5.196000000000000000e+03 7.616916336701251566e-02
5.256000000000000000e+03 5.132299995239009149e-02
5.315999999999999091e+03 3.647512957468279637e-02
5.376000000000000000e+03 4.862564217091858154e-02
5.436000000000000000e+03 9.774628413651953451e-03
5.496000000000000000e+03 5.922179684603179339e-03
5.555999999999999091e+03 -3.293161191777471686e-02
5.616000000000000000e+03 -6.878665360000013607e-02
5.676000000000000000e+03 -4.164285188380745240e-02
5.736000000000000000e+03 -1.150011260688188486e-02
5.796000000000000000e+03 1.641659047891153023e-03
5.856000000000000909e+03 3.178255855800671270e-02
5.916000000000000000e+03 -1.207731796330335783e-02
5.976000000000000000e+03 -1.993787377068656497e-02
6.036000000000000000e+03 1.120098849696660182e-02
6.095999999999999091e+03 3.393668048374820501e-04
6.156000000000000000e+03 -4.522640285358647816e-03
6.216000000000000000e+03 1.961506635871046456e-02
6.276000000000000000e+03 -1.224741355599689996e-02
6.335999999999999091e+03 -7.010997977613442345e-02
6.396000000000000000e+03 -7.499999999999999722e-02
6.456000000000000000e+03 -8.083496739891415928e-02
6.516000000000000000e+03 -1.669718563880451256e-02
6.576000000000000000e+03 7.744091611948533682e-02
6.636000000000000909e+03 4.257944070286612259e-02
6.696000000000000000e+03 2.771849141026905272e-02
6.756000000000000000e+03 -3.214182800184062216e-02
6.816000000000000000e+03 -4.100141333128703991e-02
6.876000000000000909e+03 1.613984005780366715e-02
6.936000000000000000e+03 1.828203721106547164e-02
6.996000000000000000e+03 6.442528358365962049e-02
7.056000000000000000e+03 8.056968501023220597e-02
7.115999999999999091e+03 8.971534770353173371e-02
7.176000000000000000e+03 9.786237823482224485e-02
7.236000000000000000e+03 1.110108835146093043e-01
7.296000000000000000e+03 1.191609707884708769e-01
7.355999999999999091e+03 -9.168725239214836620e-02
7.416000000000000000e+03 6.546632182744360762e-02
7.476000000000000000e+03 7.562180158492992632e-02
7.536000000000000000e+03 1.877929528382082935e-02
7.596000000000000000e+03 -1.606108841860987013e-02
7.656000000000000909e+03 -3.689924062473437516e-02
7.716000000000000000e+03 -3.773505222034145845e-02
7.776000000000000000e+03 -6.956841387818712974e-02
7.836000000000000000e+03 -8.839921608341683168e-02
7.895999999999999091e+03 -7.622734914821194252e-02
7.956000000000000000e+03 -9.705270322046999354e-02
8.016000000000000000e+03 -9.087516830550157465e-02
8.076000000000000000e+03 -1.086946342784358421e-01
8.135999999999999091e+03 -5.351099090785282897e-02
8.196000000000000000e+03 -6.132412785791530041e-02
8.256000000000000000e+03 -7.000000000000000666e-02
8.316000000000000000e+03 -9.994030100006057182e-02
8.376000000000000000e+03 -1.007431161879139836e-01
8.436000000000000000e+03 -1.145422697118192445e-01
8.496000000000000000e+03 -1.013376509945373982e-01
8.556000000000000000e+03 -1.051291494568431517e-01
8.616000000000000000e+03 -1.019166545283951564e-01
8.676000000000000000e+03 -9.670005567659245571e-02
8.736000000000000000e+03 -9.347924240773863858e-02
8.796000000000000000e+03 -8.725410429997282336e-02
8.856000000000000000e+03 -7.702453099773265421e-02
8.916000000000000000e+03 -7.479041224814864108e-02
8.976000000000000000e+03 -6.755163790421647718e-02
9.036000000000000000e+03 -5.530809794981905725e-02
9.096000000000000000e+03 -2.105968250634759897e-02
9.156000000000000000e+03 1.193718146168976091e-03
9.216000000000000000e+03 4.452213554031914100e-03
9.276000000000000000e+03 6.271591307086055167e-02
9.336000000000000000e+03 8.198492584870109567e-02
9.396000000000000000e+03 1.082593608161914744e-01
9.456000000000000000e+03 1.165393266646788106e-01
9.516000000000000000e+03 1.278249318347661756e-01
9.576000000000000000e+03 1.421162844962964300e-01
9.636000000000000000e+03 1.304134925348989782e-01
9.696000000000000000e+03 1.337166635385074187e-01
9.756000000000000000e+03 1.460259047780709807e-01
9.816000000000000000e+03 1.473413231933591305e-01
9.876000000000000000e+03 1.506630253779803752e-01
9.936000000000000000e+03 1.149911175634770188e-01
9.996000000000000000e+03 1.183257056063666823e-01
1.005600000000000000e+04 1.016668949669110589e-01
1.011600000000000000e+04 8.301479069996275939e-02
1.017600000000000000e+04 9.436949743758304976e-02
1.023600000000000000e+04 -3.422688806303995079e-01
1.029600000000000000e+04 7.609976024286879692e-02
1.035600000000000000e+04 4.147552332233317429e-02
1.041600000000000000e+04 9.858511401034775190e-03
1.047600000000000000e+04 -2.175117323076847242e-02
1.053600000000000000e+04 -2.435342879653035197e-02
1.059599999999999818e+04 -4.594815404107066570e-02
1.065600000000000000e+04 -2.753524825948261423e-02
1.071600000000000000e+04 -5.111461129581584828e-02
1.077600000000000000e+04 -4.768614356726175174e-02
1.083600000000000000e+04 -3.124974607908370672e-02
1.089600000000000182e+04 -1.180532043144921772e-02
1.095600000000000000e+04 -1.235276883926417213e-02
1.101600000000000000e+04 -6.891994148645608220e-03
1.107599999999999818e+04 1.557710015913471580e-02
1.113600000000000000e+04 3.005460994336317526e-02
1.119600000000000000e+04 1.654063039768516319e-02
1.125600000000000000e+04 1.503525602947775042e-02
1.131600000000000000e+04 2.753858064988889964e-02
1.137600000000000182e+04 3.305069736506993650e-02
1.143600000000000000e+04 3.757169855543907033e-02
1.149600000000000000e+04 2.710167586428724462e-02
1.155600000000000000e+04 -1.035927981229178840e-02
1.161600000000000000e+04 -2.881107834036811255e-02
1.167600000000000182e+04 -1.335253630360966781e+00
1.173600000000000000e+04 -4.668684730222594226e-02
1.179600000000000000e+04 -3.611064139386144234e-02
1.185599999999999818e+04 -5.752492567899025744e-02
1.191600000000000000e+04 -2.292961401872162241e-02
1.197600000000000000e+04 -2.832462112201028503e-02
1.203600000000000000e+04 -1.697098625381840975e-01
1.209600000000000000e+04 -1.808525468277366599e-02
1.215600000000000182e+04 -2.450714841870649252e-03
1.221600000000000000e+04 2.219383881038083928e-02
1.227600000000000000e+04 4.784848720828449586e-02
1.233600000000000000e+04 3.151331037588533945e-02
1.239600000000000000e+04 1.518838741776562529e-02
1.245600000000000000e+04 3.087379650878574466e-02
1.251600000000000000e+04 6.956961488231172552e-02
1.257600000000000000e+04 1.142759188232957968e-01
1.263599999999999818e+04 1.089927836474089418e-01
1.269600000000000000e+04 1.057202837009754148e-01
1.275600000000000000e+04 1.114584923470829381e-01
1.281600000000000000e+04 9.420748195043415762e-02
1.287600000000000000e+04 6.296732387818337884e-02
1.293600000000000182e+04 3.873808848038606811e-02
1.299600000000000000e+04 2.351984507640736410e-02
1.305600000000000000e+04 1.931266196515935007e-02
1.311599999999999818e+04 2.011660638981993543e-02
1.317600000000000000e+04 2.193174454623658676e-02
1.323600000000000000e+04 7.581415693493909203e-04
1.329600000000000000e+04 6.595861522328050341e-03
1.335600000000000000e+04 -3.555032615622621961e-03
1.341599999999999818e+04 -2.569447894893528428e-02
1.347600000000000000e+04 -3.182241668037022464e-02
1.353600000000000000e+04 -2.393878612201660872e-02
1.359600000000000000e+04 -3.604352869569993345e-02
1.365600000000000000e+04 -3.113658694564946927e-02
1.371600000000000182e+04 -1.621790455192240188e-02
1.377600000000000000e+04 -1.828742632733337814e-02
1.383600000000000000e+04 -2.534509822999098105e-02
1.389599999999999818e+04 -2.539086737579054898e-02
1.395600000000000000e+04 -1.542468203751923284e-02
1.401600000000000000e+04 -2.344649165752343833e-02
1.407600000000000000e+04 -4.645624685144866817e-02
1.413600000000000000e+04 -7.045389941686153179e-02
1.419599999999999818e+04 -6.543940234132605838e-02
1.425600000000000000e+04 -5.641270980413537472e-02
1.431600000000000000e+04 -5.337377718751667999e-02
1.437600000000000000e+04 -5.132256108299770858e-02
1.443600000000000000e+04 -4.725901929032261251e-02
1.449600000000000182e+04 -2.718311083572189091e-02
1.455600000000000000e+04 -1.209479596127494005e-02
1.461600000000000000e+04 4.005963851341221016e-03
1.467599999999999818e+04 4.119205894312472083e-03
1.473600000000000000e+04 1.244966209924314171e-03
1.479600000000000000e+04 3.832796001006499864e-04
1.485600000000000000e+04 1.553417961349623511e-02
1.491600000000000000e+04 2.269769854592595948e-02
1.497600000000000182e+04 3.487386743108800147e-02
1.503600000000000000e+04 6.106271603766799672e-02
1.509600000000000000e+04 8.926427287224214524e-02
1.515600000000000000e+04 1.164785651599231642e-01
1.521600000000000000e+04 1.427056188522328739e-01
1.527600000000000182e+04 1.219454586298525101e-01
1.533600000000000000e+04 1.481981078759417869e-01
1.539600000000000000e+04 1.234635886994510656e-01
1.545599999999999818e+04 1.117419219099247130e-01
1.551600000000000000e+04 1.080331270286478684e-01
1.557600000000000000e+04 1.163372222863472416e-01
1.563600000000000000e+04 3.965422460441914154e-02
1.569600000000000000e+04 7.198414961567323189e-02
1.575600000000000182e+04 4.832701163650199305e-02
1.581600000000000000e+04 3.868282369330700021e-02
1.587600000000000000e+04 2.205159749428275973e-02
1.593600000000000000e+04 3.943334344239701750e-02
1.599600000000000000e+04 5.382807063142536208e-02
1.605600000000000000e+04 2.923578684567473829e-02
1.611600000000000000e+04 1.765649854496587068e-02
1.617600000000000000e+04 3.709021088980080094e-02
1.623599999999999818e+04 4.853692771757778246e-02
1.629600000000000000e+04 3.399665154938702472e-02
1.635600000000000000e+04 3.246938359370687976e-02
1.641600000000000000e+04 1.695512373680685414e-02
1.647600000000000000e+04 1.945387055275205057e-02
1.653600000000000000e+04 1.696562129382073181e-02
1.659600000000000000e+04 5.490371899213641882e-03
1.665600000000000000e+04 9.028116987792600412e-03
1.671600000000000000e+04 1.057884986494173063e-02
1.677600000000000000e+04 -8.574374842282850295e-04
1.683600000000000000e+04 -2.280754387356864754e-03
1.689600000000000000e+04 2.230888851318013621e-02
1.695600000000000000e+04 3.991147926080884645e-02
1.701600000000000000e+04 4.552700458407343831e-02
1.707600000000000000e+04 4.915544990944908932e-02
1.713600000000000000e+04 3.579679934045998380e-02
1.719600000000000000e+04 4.445103568650665693e-02
1.725600000000000000e+04 7.311814044078346342e-02
1.731600000000000000e+04 9.379809379515791079e-02
1.737600000000000000e+04 1.014908746446963050e-01
1.743600000000000000e+04 1.021964605788525660e-01
1.749600000000000000e+04 1.149148278918801225e-01
1.755600000000000000e+04 1.246459515832611942e-01
1.761600000000000000e+04 1.233898053642406012e-01
1.767600000000000000e+04 1.231463616522887605e-01
1.773600000000000000e+04 1.309155915823794203e-01
1.779600000000000000e+04 1.206974650058327825e-01
1.785600000000000000e+04 1.204919504953068099e-01
1.791600000000000000e+04 1.132990153473656392e-01
1.797600000000000000e+04 1.041186255897628143e-01
1.803600000000000000e+04 1.039507459763626684e-01
1.809600000000000000e+04 9.479534000365674729e-02
1.815600000000000000e+04 7.965236990366975078e-02
1.821600000000000000e+04 4.752179665410949383e-02
1.827600000000000000e+04 4.035799829580355436e-04
1.833600000000000000e+04 -4.770232163173204754e-02
1.839600000000000000e+04 -8.979595094751857687e-02
1.845600000000000000e+04 -1.308773519685928477e-01
1.851600000000000000e+04 -1.469465699228749145e-01
1.857600000000000000e+04 -1.570036512639489956e-01
1.863600000000000000e+04 -1.720486436779538053e-01
1.869600000000000000e+04 -1.690815960564577836e-01
1.875600000000000000e+04 -1.421025585050301743e-01
1.881600000000000000e+04 -1.221115823354921304e-01
1.887600000000000000e+04 -6.681087200586262043e-01
1.893600000000000000e+04 -8.909402537938149180e-02
1.899600000000000000e+04 -6.506755318332579918e-02
1.905600000000000000e+04 -9.402935954585700529e-02
1.911600000000000000e+04 -5.397950170936383074e-02
1.917600000000000000e+04 -3.091803809002158232e-02
1.923600000000000000e+04 -7.784502826143580023e-02
1.929600000000000000e+04 -2.760532955107919406e-03
1.935600000000000000e+04 1.433538595392747084e-02
1.941600000000000000e+04 3.844266544365382288e-02
1.947600000000000000e+04 5.056124136717699002e-02
1.953600000000000000e+04 4.169104844004323240e-02
1.959600000000000000e+04 4.583202027060906403e-02
1.965600000000000000e+04 7.298408934548206162e-02
1.971600000000000000e+04 9.114718705404811772e-02
1.977600000000000000e+04 1.033212436868780060e-01
1.983600000000000000e+04 1.205061884465976618e-01
1.989600000000000000e+04 1.467019494521082379e-01
1.995600000000000000e+04 1.569084537577509764e-01
2.001600000000000000e+04 1.361256273430626607e-01
2.007600000000000000e+04 9.335339514200313715e-02
2.013600000000000000e+04 6.459168103447154863e-02
2.019600000000000000e+04 4.684040786651166854e-02
2.025600000000000000e+04 4.809949744412733708e-02
2.031600000000000000e+04 5.636887056425621267e-02
2.037600000000000000e+04 5.864844700226967689e-02
2.043600000000000000e+04 2.393814553397533018e-02
2.049600000000000000e+04 4.237883937094011344e-03
2.055600000000000000e+04 2.547579008023603819e-03
2.061600000000000000e+04 -3.132853437818994280e-03
2.067600000000000000e+04 -5.803498549539654050e-03
2.073600000000000000e+04 -2.146444243408041075e-02
2.079600000000000000e+04 -3.811577214673889102e-02
2.085600000000000000e+04 -3.975757567968685180e-02
2.091600000000000000e+04 -3.238994195817213040e-02
2.097600000000000364e+04 -2.401296081916370895e-02
2.103599999999999636e+04 -2.462672301771817729e-02
2.109600000000000000e+04 -7.231320198116009124e-03
2.115600000000000000e+04 2.173155096897971816e-03
2.121600000000000000e+04 1.558660945465817349e-02
2.127600000000000000e+04 2.400894858783431118e-02
2.133599999999999636e+04 4.440077354047389235e-03
2.139600000000000000e+04 -9.120100235122663435e-03
2.145600000000000000e+04 -6.671681012448971160e-03
2.151600000000000000e+04 2.578523737156501738e-02
2.157600000000000000e+04 5.025055644819076406e-02
2.163599999999999636e+04 1.172417693669558503e-02
2.169600000000000000e+04 -4.779400122788501903e-02
2.175600000000000000e+04 -6.830407889810885536e-02
2.181600000000000000e+04 -6.180615770517761121e-02
2.187600000000000000e+04 -3.130034002879256150e-02
2.193600000000000364e+04 -1.578672900905075949e-02
2.199600000000000000e+04 -4.126542852100101300e-02
2.205600000000000000e+04 -7.773654317134059966e-02
2.211600000000000000e+04 -7.320017827532865340e-02
2.217600000000000000e+04 -3.665643986278155353e-02
2.223600000000000364e+04 -1.110543464710644912e-02
2.229600000000000000e+04 -1.354727003581501776e-02
2.235600000000000000e+04 -6.982054096624779049e-03
2.241600000000000000e+04 -4.098955623703659512e-04
2.247600000000000000e+04 -4.583090381038346095e-02
2.253600000000000364e+04 -2.524518885275028879e-02
2.259599999999999636e+04 -2.765286132762412308e-02
2.265600000000000000e+04 -1.505403248484071810e-02
2.271600000000000000e+04 -1.144881417167198379e-02
2.277600000000000000e+04 -1.083731882772553945e-02
2.283600000000000000e+04 -5.722196594651904888e-01
2.289599999999999636e+04 4.640405033933348022e-02
2.295600000000000000e+04 6.503369645633938489e-02
2.301600000000000000e+04 5.266916421714995522e-02
2.307600000000000000e+04 3.031033842307806481e-02
2.313600000000000000e+04 -1.042896634317003191e-03
2.319599999999999636e+04 -1.439065717113408027e-02
2.325600000000000000e+04 -1.473305989475193201e-02
2.331600000000000000e+04 -1.507022198984486749e-02
2.337600000000000000e+04 -1.640226110703224549e-02
2.343600000000000000e+04 9.270704650589323137e-03
2.349600000000000364e+04 3.794855674004793400e-02
2.355600000000000000e+04 4.563117618090473115e-02
2.361600000000000000e+04 2.231844358811940765e-02
2.367600000000000000e+04 1.001023916342091979e-02
2.373600000000000000e+04 2.970644272409117548e-02
2.379600000000000364e+04 3.440693370339431567e-02
2.385600000000000000e+04 1.611159117328497814e-02
2.391600000000000000e+04 1.082029384633642621e-02
2.397600000000000000e+04 3.253292009958386188e-02
2.403600000000000000e+04 3.124934798233880429e-02
2.409600000000000000e+04 2.496945522398164030e-02
2.415599999999999636e+04 2.769311925749207148e-02
2.421600000000000000e+04 1.042021721787023125e-02
2.427600000000000000e+04 -1.284937403033836745e-02
2.433600000000000000e+04 -2.311577789259899873e-02
2.439600000000000000e+04 2.620881980874401052e-03
2.445599999999999636e+04 1.536048169418791076e-02
2.451600000000000000e+04 1.610289712971280096e-02
2.457600000000000000e+04 1.184800395458296407e-02
2.463600000000000000e+04 -2.404322363872779533e-03
2.469600000000000000e+04 3.457934499238035642e-04
2.475600000000000364e+04 2.309822650659043575e-02
2.481600000000000000e+04 1.585285174314776668e-02
2.487600000000000000e+04 -2.139045604781131260e-02
2.493600000000000000e+04 -5.063182220874296036e-02
2.499600000000000000e+04 -3.687137220549630001e-02
2.505600000000000364e+04 -4.110923161897517275e-02
2.511600000000000000e+04 -6.234552612841071095e-02
2.517600000000000000e+04 -4.258038148873311002e-02
2.523600000000000000e+04 -1.081392354171839543e-02
2.529600000000000000e+04 -2.046278176749183331e-03
2.535600000000000364e+04 -3.277571336184337270e-03
2.541599999999999636e+04 -3.050792899739462882e-02
2.547600000000000000e+04 -4.973747715484932996e-02
2.553600000000000000e+04 -1.596634181623812765e-02
2.559600000000000000e+04 1.180535101866553305e-02
2.565600000000000000e+04 -1.842252463666227413e-02
2.571599999999999636e+04 -2.265009473921963945e-02
2.577600000000000000e+04 1.122514801863871980e-03
2.583600000000000000e+04 -7.104821876964706462e-03
2.589600000000000000e+04 -3.332230565320060123e-03
2.595600000000000000e+04 7.440163024512003176e-03
2.601599999999999636e+04 -2.378776672685489757e-02
2.607600000000000000e+04 -5.101614533123211004e-02
2.613600000000000000e+04 -4.124509818848309806e-02
2.619600000000000000e+04 -2.647475056710391073e-02
2.625600000000000000e+04 -7.070522758658626117e-02
2.631600000000000364e+04 1.606334578173118643e-02
2.637600000000000000e+04 -8.169155264113214798e-03
2.643600000000000000e+04 6.597144653824216221e-03
2.649600000000000000e+04 5.936212110736960312e-02
2.655600000000000000e+04 3.512564986976940418e-02
2.661600000000000364e+04 -1.112393068979145028e-03
2.667600000000000000e+04 1.164786851313692750e-02
2.673600000000000000e+04 4.040631107727676863e-02
2.679600000000000000e+04 3.916281133933807723e-02
2.685600000000000000e+04 6.917246274497301783e-03
2.691600000000000000e+04 -1.133050685439229710e-02
2.697599999999999636e+04 4.194294970147893764e-04
2.703600000000000000e+04 1.116693317908357130e-02
2.709600000000000000e+04 1.491188235104345949e-02
2.715600000000000000e+04 3.065415550372563303e-02
2.721600000000000000e+04 3.139363145965035073e-02
2.727599999999999636e+04 2.213018939619360026e-02
2.733600000000000000e+04 2.686370884293864947e-02
2.739600000000000000e+04 1.659406970884447219e-02
2.745600000000000000e+04 1.232115228867769474e-02
2.751600000000000000e+04 3.104483726656326326e-02
2.757600000000000364e+04 2.976500573640805669e-02
2.763600000000000000e+04 1.148153921349148732e-02
2.769600000000000000e+04 5.194319640395406168e-03
2.775600000000000000e+04 3.903229403476871084e-03
2.781600000000000000e+04 5.608151341220946051e-03
2.787600000000000364e+04 9.308968754339730367e-03
2.793600000000000000e+04 8.005565423445659690e-03
2.799600000000000000e+04 7.697825610193831380e-03
2.805600000000000000e+04 1.638563408050686121e-02
2.811600000000000000e+04 2.806887610586272785e-02
2.817600000000000364e+04 3.774743747271713801e-02
2.823600000000000000e+04 6.342120450790389441e-02
2.829600000000000000e+04 8.009006407246488379e-02
2.835600000000000000e+04 6.875390358072763775e-02
2.841600000000000000e+04 4.941261101339478046e-02
2.847600000000000000e+04 2.606607492180046393e-02
2.853599999999999636e+04 1.771418443877337268e-02
2.859600000000000000e+04 8.356829301192192361e-03
2.865600000000000000e+04 -1.600610016066639218e-02
2.871600000000000000e+04 -2.137471299283788539e-02
2.877600000000000000e+04 -1.074911761952535016e-02
2.883599999999999636e+04 -1.812942182641563704e-02
2.889600000000000000e+04 -3.651573275601549540e-02
2.895600000000000000e+04 -2.590815689200098859e-02
2.901600000000000000e+04 -2.330680005525209708e-02
2.907600000000000000e+04 -1.871176738586655119e-02
2.913600000000000364e+04 -2.412316334266506601e-02
2.919600000000000000e+04 -2.254109168643481098e-02
2.925600000000000000e+04 -2.796565547214413527e-02
2.931600000000000000e+04 -3.839695704209589167e-02
2.937600000000000000e+04 -3.283509801440231968e-02
2.943600000000000364e+04 -3.528017926873872057e-02
2.949600000000000000e+04 -4.773230094542668667e-02
2.955600000000000000e+04 -6.519156243484758306e-02
2.961600000000000000e+04 -7.665806235854688566e-02
2.967600000000000000e+04 -1.111318985731486464e-01
2.973600000000000364e+04 -5.861316815207828768e-02
2.979599999999999636e+04 -3.110196738543891115e-02
2.985600000000000000e+04 -5.459839175819070078e-02
2.991600000000000000e+04 -8.102535954094491899e-03
2.997600000000000000e+04 8.385506162085221149e-03
3.003600000000000000e+04 -9.451343584560163436e-01
3.009599999999999636e+04 -3.662222019556793384e-03
3.015600000000000000e+04 2.180182409938424826e-02
3.021600000000000000e+04 1.725768938285909826e-02
3.027600000000000000e+04 1.870528416202432709e-02
3.033600000000000000e+04 7.314451963884494035e-02
3.039599999999999636e+04 6.857530788602161920e-02
3.045600000000000000e+04 3.499756186010927195e-02
3.051600000000000000e+04 6.041119540077488637e-02
3.057600000000000000e+04 5.681612325406604214e-02
3.063600000000000000e+04 2.221226106303220149e-02
3.069600000000000364e+04 2.659952538488141727e-02
3.075600000000000000e+04 3.997783369777607732e-02
3.081600000000000000e+04 2.934710440422350075e-02
3.087600000000000000e+04 2.070725684370700037e-02
3.093600000000000000e+04 3.905821129683317849e-02
3.099600000000000364e+04 3.439988899299351033e-02
3.105600000000000000e+04 -8.267787886325095315e-03
3.111600000000000000e+04 -2.494489619039086392e-02
3.117600000000000000e+04 -2.963151180574641330e-02
3.123600000000000000e+04 -2.332770963766961358e-02
3.129600000000000000e+04 -3.033563610188139137e-03
3.135599999999999636e+04 6.250853337405715138e-03
3.141600000000000000e+04 1.152546926823561080e-02
3.147600000000000000e+04 4.679021324409404770e-02
3.153600000000000000e+04 6.904501533699658467e-02
3.159600000000000000e+04 6.328980662874528207e-02
3.165599999999999636e+04 7.152451922593172640e-02
3.171600000000000000e+04 6.674908626064279815e-02
3.177600000000000000e+04 5.196344189789670054e-02
3.183600000000000000e+04 5.616752133482805220e-02
3.189600000000000000e+04 3.636126081892143702e-02
3.195600000000000364e+04 1.054459764418425038e-02
3.201600000000000000e+04 -2.282529842887015548e-03
3.207600000000000000e+04 -1.512018223183986265e-02
3.213600000000000000e+04 -2.968419054923288058e-03
3.219600000000000000e+04 1.217270123561320361e-02
3.225600000000000364e+04 3.630312125551427016e-02
3.231600000000000000e+04 5.542278469783923356e-02
3.237600000000000000e+04 4.953163635127566522e-02
3.243600000000000000e+04 4.562962208092358196e-02
3.249600000000000000e+04 1.971668885653343750e-02
3.255600000000000364e+04 -2.620721526182023808e-02
3.261599999999999636e+04 -3.614214110893954057e-02
3.267600000000000000e+04 -5.108813841070514172e-02
3.273600000000000000e+04 -7.504525578133325325e-02
3.279600000000000000e+04 -7.701354072833055397e-02
3.285600000000000000e+04 -8.599303962637350196e-02
3.291600000000000000e+04 -6.498379773711349117e-02
3.297600000000000000e+04 -3.398585919421748258e-02
3.303600000000000000e+04 -6.499926700143987546e-02
3.309600000000000000e+04 -7.402406302207964472e-02
3.315600000000000000e+04 -3.406028799327032175e-02
3.321600000000000000e+04 -1.810798150108894333e-02
3.327600000000000000e+04 -5.916718199750903295e-02
3.333600000000000000e+04 -3.423792678040626924e-02
3.339600000000000000e+04 -1.932025200221687555e-02
3.345600000000000000e+04 -1.941419265949662076e-02
3.351600000000000000e+04 -4.651978259698807960e-02
3.357600000000000000e+04 -4.263705449830013094e-02
3.363600000000000000e+04 -1.077766039889866079e+00
3.369600000000000000e+04 -1.790676912878552685e-02
3.375600000000000000e+04 2.394072858078288846e-02
3.381600000000000000e+04 4.277642521810776088e-02
3.387600000000000000e+04 2.960029391852003755e-02
3.393600000000000000e+04 1.741230899915535701e-02
3.399600000000000000e+04 -1.178755405817355495e-02
3.405600000000000000e+04 -2.799931858680793084e-02
3.411600000000000000e+04 -7.223006753520166967e-03
3.417600000000000000e+04 1.954136046242638258e-02
3.423600000000000000e+04 2.129376325683551840e-02
3.429600000000000000e+04 2.803418301118654199e-02
3.435600000000000000e+04 4.676260228461615043e-02
3.441600000000000000e+04 4.647900482450495474e-02
3.447600000000000000e+04 4.918337556136975763e-02
3.453600000000000000e+04 6.287570061067526694e-02
3.459600000000000000e+04 8.655596727476222441e-02
3.465600000000000000e+04 9.522416404979594517e-02
3.471600000000000000e+04 9.288028060836950317e-02
3.477600000000000000e+04 9.452430782221199479e-02
3.483600000000000000e+04 8.015623774736013729e-02
3.489600000000000000e+04 8.977606362896040082e-02
3.495600000000000000e+04 7.638377990315348143e-02
3.501600000000000000e+04 6.597938219510979252e-02
3.507600000000000000e+04 8.356286731941509061e-02
3.513600000000000000e+04 6.513423328306089388e-02
3.519600000000000000e+04 3.069347927703347523e-02
3.525600000000000000e+04 2.724060568743880140e-02
3.531600000000000000e+04 2.877561408240580931e-02
3.537600000000000000e+04 1.629850722383707762e-02
3.543600000000000000e+04 -1.190710941045836080e-03
3.549600000000000000e+04 -6.692035280138952658e-03
3.555600000000000000e+04 -1.120545947105711093e-02
3.561600000000000000e+04 2.690239880394074135e-04
3.567600000000000000e+04 1.373142378815828124e-02
3.573600000000000000e+04 3.418174979924515355e-02
3.579600000000000000e+04 4.362001307345053647e-02
3.585600000000000000e+04 1.504622584616299719e-02
3.591600000000000000e+04 6.460401528784132097e-03
3.597600000000000000e+04 3.862554706756782252e-03
3.603600000000000000e+04 -1.574729885123815620e-02
3.609600000000000000e+04 -1.236914221044571605e-02
3.615600000000000000e+04 -3.002957259923277888e-03
3.621600000000000000e+04 -2.648724716891592834e-03
3.627600000000000000e+04 -1.730642413622263120e-02
3.633600000000000000e+04 -3.797603390466974815e-02
3.639600000000000000e+04 -2.065753124315961031e-02
3.645600000000000000e+04 -6.350892213959014043e-03
3.651600000000000000e+04 8.943908279434253927e-03
3.657600000000000000e+04 2.322689649099629605e-02
3.663600000000000000e+04 -8.501900173541798722e-03
3.669600000000000000e+04 -3.324245315707230475e-02
3.675600000000000000e+04 -6.994732751081755850e-03
3.681600000000000000e+04 3.241291892663866747e-03
3.687600000000000000e+04 -1.553434723336977186e-02
3.693600000000000000e+04 -1.832161699712742120e-02
3.699600000000000000e+04 1.879516868939390406e-03
3.705600000000000000e+04 1.906908976525301114e-02
3.711600000000000000e+04 2.624713821751356591e-02
3.717600000000000000e+04 3.141369988316000672e-02
3.723600000000000000e+04 2.056881353655626299e-02
3.729600000000000000e+04 2.171251907202531584e-02
3.735600000000000000e+04 1.584485750026942696e-02
3.741600000000000000e+04 2.965870936350256670e-03
3.747600000000000000e+04 1.307560261011531111e-02
3.753600000000000000e+04 -8.259031492343638092e-04
3.759600000000000000e+04 -1.173860091785172699e-02
3.765600000000000000e+04 -1.166244417072448414e-02
3.771600000000000000e+04 -3.597385299144661985e-03
3.777600000000000000e+04 1.445662439437001012e-02
3.783600000000000000e+04 4.249963468919304432e-02
3.789600000000000000e+04 5.553169643917499343e-02
3.795600000000000000e+04 6.755286157294904115e-02
3.801600000000000000e+04 7.956318307969922898e-02
3.807600000000000000e+04 7.956271502098388737e-02
3.813600000000000000e+04 9.355151250565540977e-02
3.819600000000000000e+04 1.005296317016473040e-01
3.825600000000000000e+04 8.849712982282653684e-02
3.831600000000000000e+04 1.084540651227143826e-01
3.837600000000000000e+04 1.384004968949739123e-01
3.843600000000000000e+04 1.463364854625979206e-01
3.849600000000000000e+04 1.192620921747220564e-01
3.855600000000000000e+04 8.617737940494407667e-02
3.861600000000000000e+04 8.108241053832898615e-02
3.867600000000000000e+04 7.197724996876786463e-02
3.873600000000000000e+04 3.986196309688239126e-02
3.879600000000000000e+04 1.773661631887080148e-02
3.885600000000000000e+04 1.360127702446334297e-02
3.891600000000000000e+04 6.456013588831410743e-03
3.897600000000000000e+04 2.630089536705781939e-02
3.903600000000000000e+04 2.613599268988764379e-02
3.909600000000000000e+04 -1.403862314509751741e-02
3.915600000000000000e+04 -2.722287988217431121e-02
3.921600000000000000e+04 -2.041670430480735376e-02
3.927600000000000000e+04 -1.862002224970638053e-02
3.933600000000000000e+04 -2.283275861282163532e-02
3.939600000000000000e+04 -1.605483735329471529e-02
3.945600000000000000e+04 -3.928618150166585110e-02
3.951600000000000000e+04 -6.652671316260239109e-02
3.957600000000000000e+04 -4.577635353143705288e-02
3.963600000000000000e+04 -3.003502288902382134e-02
3.969600000000000000e+04 -2.530264061533671338e-02
3.975600000000000000e+04 -4.057912519692763453e-02
3.981600000000000000e+04 -3.386439423229603563e-02
3.987600000000000000e+04 -1.415836443720763782e-02
3.993600000000000000e+04 -7.460951654138625599e-03
3.999600000000000000e+04 1.322792913833836792e-02
4.005600000000000000e+04 2.890836382266570581e-02
4.011600000000000000e+04 1.558043913519213675e-02
4.017600000000000000e+04 1.924424265234847553e-02
4.023600000000000000e+04 5.489986279462755192e-02
4.029600000000000000e+04 4.354738880283548497e-02
4.035600000000000000e+04 3.218691074744128855e-02
4.041600000000000000e+04 4.481851950731652323e-02
4.047600000000000000e+04 5.244230677180894418e-02
4.053600000000000000e+04 4.405836502792226383e-02
4.059600000000000000e+04 2.066678755181783345e-02
4.065600000000000000e+04 2.676684034668141976e-04
4.071600000000000000e+04 -2.313889757988363272e-02
4.077600000000000000e+04 -1.655281479816039791e-02
4.083600000000000000e+04 -4.797398688697285252e-02
4.089600000000000000e+04 -3.402316735446220264e-03
4.095600000000000000e+04 -5.837706489728589077e-03
4.101600000000000000e+04 -3.128005755843332736e-02
4.107600000000000000e+04 -4.072927062588860281e-02
4.113600000000000000e+04 -5.418524566175619839e-02
4.119600000000000000e+04 -6.064788191815750906e-02
4.125600000000000000e+04 -5.511707795540132793e-02
4.131600000000000000e+04 -3.759273163177567767e-02
4.137600000000000000e+04 -3.207474012924649287e-02
4.143600000000000000e+04 -5.256299995107838186e-02
4.149600000000000000e+04 -5.605740693408733932e-02
4.155600000000000000e+04 -3.455785625374119263e-02
4.161600000000000000e+04 -1.306424244103254750e-02
4.167600000000000000e+04 -9.576459380696178414e-03
4.173600000000000000e+04 -1.109440033087594202e-02
4.179600000000000728e+04 1.738204207958915504e-02
4.185600000000000000e+04 8.852975831359799486e-03
4.191600000000000000e+04 -1.681490488408599049e-03
4.197600000000000000e+04 -9.221247693858458661e-03
4.203600000000000000e+04 -1.476618601100199157e-02
4.209600000000000728e+04 -1.331619509073789231e-02
4.215600000000000000e+04 -5.871164013115048874e-03
4.221600000000000000e+04 -1.543098129604913993e-02
4.227600000000000000e+04 -2.699553490583639359e-02
4.233600000000000000e+04 -4.564712269711890258e-03
4.239600000000000728e+04 1.286159971914457856e-02
4.245600000000000000e+04 1.728351469228073256e-02
4.251600000000000000e+04 2.070114679827383952e-02
4.257600000000000000e+04 3.114610684860963374e-03
4.263600000000000000e+04 -1.247597849942394532e-02
4.269600000000000728e+04 -2.070505122901522554e-03
4.275600000000000000e+04 4.331146928052476142e-03
4.281599999999999272e+04 1.729094226902816445e-03
4.287600000000000000e+04 2.123453815329412464e-03
4.293600000000000000e+04 1.851434317541134078e-02
4.299600000000000000e+04 1.590188023237715242e-02
4.305600000000000000e+04 3.528618333984923083e-02
4.311599999999999272e+04 5.166737127547094133e-02
4.317600000000000000e+04 3.204556322089047171e-02
